200	0	0
202	0	0
205	0	0
207	0	0
210	0	0
213	0	0
215	0	0
218	0	0
220	0	0
223	0	0
226	0	0
228	0	0
231	0	0
234	0	0
236	0	0
239	0	0
241	0	0
244	0	0
247	0	0
249	0	0
252	0	0
255	0	0
255	5	0
255	10	0
255	15	0
255	20	0
255	26	0
255	31	0
255	36	0
255	41	0
255	47	0
255	52	0
255	57	0
255	62	0
255	68	0
255	73	0
255	78	0
255	83	0
255	89	0
255	94	0
255	99	0
255	104	0
255	110	0
255	112	0
255	115	0
255	118	0
255	121	0
255	124	0
255	127	0
255	129	0
255	132	0
255	135	0
255	138	0
255	141	0
255	144	0
255	147	0
255	149	0
255	152	0
255	155	0
255	158	0
255	161	0
255	164	0
255	167	0
255	170	0
255	173	2
255	176	4
255	179	7
255	181	9
255	184	11
255	187	14
255	190	16
255	193	19
255	195	21
255	198	23
255	201	26
255	203	28
255	206	30
255	208	33
255	211	35
255	213	38
255	215	40
255	218	42
255	220	45
255	222	47
255	225	49
255	227	57
255	229	64
255	231	71
255	234	78
255	236	85
255	238	92
255	239	99
255	241	107
255	243	114
255	244	121
255	246	128
255	247	135
255	248	142
255	249	149
255	250	157
255	251	164
255	252	171
255	253	178
255	254	185
255	254	192
255	255	200
207	236	249
203	234	248
200	233	248
197	231	247
193	230	247
190	228	246
187	227	246
184	225	245
180	224	245
177	222	244
174	221	244
171	220	243
168	218	243
164	217	242
161	215	242
158	214	241
155	212	241
152	211	240
149	209	240
146	208	239
143	206	239
140	205	239
133	203	239
127	202	240
121	201	241
114	200	242
108	199	242
101	198	243
95	197	244
88	196	245
82	196	245
75	195	246
69	194	247
62	194	248
55	193	248
48	193	249
41	192	250
35	192	251
28	191	251
21	191	252
14	191	253
7	191	254
0	191	255
1	188	255
2	185	255
4	183	255
5	180	255
7	178	255
8	176	255
9	173	255
11	171	255
12	169	255
14	166	255
15	164	255
17	162	255
18	160	255
19	158	255
21	155	255
22	153	255
24	151	255
25	149	255
27	147	255
28	145	255
29	144	255
31	141	253
33	139	252
35	136	250
37	134	249
39	132	247
41	130	246
42	127	245
44	125	243
46	123	242
47	122	240
49	120	239
51	118	237
52	116	236
54	115	235
56	113	233
57	111	232
59	110	230
60	108	229
62	107	227
63	106	226
65	105	225
62	101	226
59	97	227
56	93	229
53	89	230
51	85	232
48	81	233
45	76	235
42	72	236
39	67	237
36	62	239
33	57	240
29	52	242
26	47	243
23	42	245
20	36	246
17	30	247
13	24	249
10	18	250
6	12	252
3	6	253
0	0	255
